10000
9999
9998
9995
9991
9988
9987
9987
9986
9986
9986
9986
9984
9983
9981
9981
9979
9977
9974
9973
9973
9972
9971
9970
9970
9968
9965
9963
9962
9959
9959
9958
9958
9958
9957
9957
9956
9955
9954
9954
9953
9952
9951
9950
9950
9949
9949
9949
9948
9945
9945
9940
9939
9938
9938
9934
9933
9932
9930
9929
9927
9919
9917
9915
9914
9913
9913
9911
9911
9910
9910
9910
9909
9909
9909
9907
9907
9904
9902
9901
9900
9899
9898
9897
9891
9890
9888
9888
9886
9886
9886
9886
9885
9884
9884
9884
9884
9882
9882
9881
9881
9880
9879
9877
9876
9872
9871
9869
9869
9868
9867
9867
9866
9865
9863
9862
9861
9860
9859
9858
9857
9856
9856
9855
9854
9854
9853
9852
9850
9848
9847
9846
9846
9845
9844
9841
9841
9838
9837
9836
9835
9834
9832
9829
9828
9825
9825
9825
9825
9824
9824
9824
9822
9821
9819
9818
9818
9816
9815
9814
9814
9813
9813
9811
9810
9810
9807
9807
9804
9802
9798
9797
9796
9795
9794
9794
9794
9793
9789
9789
9789
9788
9788
9786
9786
9784
9784
9784
9784
9783
9782
9781
9781
9781
9781
9779
9778
9777
9775
9774
9774
9774
9773
9771
9770
9770
9768
9768
9767
9766
9764
9763
9762
9758
9755
9755
9755
9754
9753
9752
9752
9751
9751
9750
9748
9747
9746
9744
9744
9743
9743
9741
9739
9738
9735
9735
9735
9735
9734
9734
9733
9732
9732
9731
9731
9731
9731
9729
9728
9721
9719
9719
9719
9719
9718
9717
9716
9715
9715
9714
9713
9712
9710
9708
9708
9708
9708
9707
9707
9706
9703
9702
9701
9700
9699
9698
9698
9695
9693
9691
9690
9688
9688
9686
9685
9684
9682
9682
9681
9680
9675
9671
9669
9669
9668
9666
9666
9665
9664
9664
9664
9663
9663
9662
9662
9661
9660
9660
9658
9657
9654
9649
9646
9646
9644
9644
9643
9642
9642
9642
9641
9639
9639
9639
9639
9637
9636
9636
9634
9634
9633
9633
9633
9631
9630
9628
9628
9626
9626
9625
9625
9625
9625
9623
9622
9621
9619
9619
9618
9618
9618
9617
9617
9616
9615
9615
9614
9614
9613
9613
9613
9613
9609
9608
9608
9608
9604
9602
9601
9599
9598
9598
9596
9596
9594
9591
9590
9590
9589
9588
9588
9588
9588
9584
9583
9583
9582
9582
9582
9582
9581
9581
9581
9580
9580
9579
9578
9578
9577
9577
9576
9575
9573
9573
9570
9570
9569
9569
9566
9563
9562
9561
9561
9561
9560
9559
9559
9559
9558
9553
9549
9549
9548
9548
9547
9545
9545
9545
9544
9543
9542
9540
9540
9539
9538
9537
9535
9533
9531
9530
9530
9529
9529
9528
9528
9525
9524
9522
9520
9519
9518
9518
9517
9516
9515
9514
9512
9511
9511
9509
9507
9504
9501
9499
9498
9497
9496
9494
9493
9492
9492
9491
9490
9489
9488
9487
9487
9485
9484
9483
9482
9481
9480
9476
9474
9473
9472
9472
9471
9471
9470
9469
9469
9462
9462
9461
9461
9461
9461
9456
9456
9456
9455
9453
9453
9451
9450
9449
9445
9440
9440
9437
9434
9434
9433
9431
9431
9431
9431
9431
9430
9428
9427
9427
9426
9425
9424
9424
9423
9422
9421
9418
9418
9415
9414
9413
9412
9412
9410
9408
9407
9404
9402
9401
9401
9400
9398
9397
9397
9396
9388
9388
9383
9383
9382
9382
9382
9381
9379
9378
9377
9377
9376
9375
9372
9372
9372
9371
9371
9370
9370
9369
9368
9366
9365
9364
9364
9364
9363
9362
9360
9360
9360
9359
9358
9357
9356
9356
9355
9354
9354
9353
9351
9350
9350
9349
9347
9345
9345
9343
9342
9342
9342
9341
9340
9338
9338
9336
9333
9332
9331
9330
9330
9329
9329
9329
9328
9327
9326
9325
9318
9317
9317
9316
9314
9313
9309
9309
9307
9306
9303
9302
9302
9301
9298
9296
9296
9296
9295
9293
9293
9292
9290
9289
9288
9287
9285
9285
9285
9285
9280
9278
9276
9276
9275
9271
9270
9270
9270
9270
9270
9269
9269
9268
9267
9267
9266
9266
9265
9262
9260
9259
9259
9258
9257
9255
9253
9253
9252
9251
9251
9250
9249
9248
9246
9245
9244
9243
9243
9242
9242
9241
9239
9238
9236
9232
9232
9231
9231
9230
9228
9223
9218
9217
9216
9213
9212
9210
9208
9206
9205
9204
9203
9203
9202
9202
9201
9196
9195
9194
9194
9194
9192
9191
9191
9191
9189
9188
9186
9185
9183
9183
9180
9180
9179
9176
9175
9172
9172
9170
9170
9169
9168
9166
9166
9166
9164
9163
9162
9161
9161
9161
9159
9159
9158
9157
9157
9156
9155
9155
9154
9150
9149
9149
9149
9144
9144
9143
9143
9141
9141
9141
9140
9140
9139
9136
9136
9136
9135
9134
9132
9132
9131
9128
9125
9125
9124
9124
9121
9120
9116
9114
9113
9112
9112
9111
9110
9109
9109
9107
9107
9103
9100
9100
9100
9099
9098
9098
9097
9097
9093
9093
9092
9092
9092
9092
9092
9091
9085
9085
9085
9084
9084
9080
9076
9075
9073
9073
9072
9067
9067
9064
9064
9063
9063
9062
9059
9058
9057
9057
9056
9056
9055
9053
9053
9051
9051
9050
9050
9049
9048
9047
9047
9044
9043
9039
9038
9037
9036
9036
9036
9033
9033
9033
9033
9031
9031
9031
9030
9029
9028
9024
9023
9022
9021
9015
9015
9014
9012
9011
9009
9008
9008
9006
9005
9004
9003
9002
9001
8999
8997
8996
8994
8987
8987
8984
8982
8981
8980
8976
8976
8974
8972
8971
8970
8969
8968
8967
8963
8961
8959
8958
8957
8957
8957
8955
8955
8954
8953
8953
8950
8947
8947
8946
8946
8944
8943
8941
8941
8940
8939
8937
8936
8936
8935
8935
8934
8934
8934
8933
8927
8926
8926
8925
8924
8921
8919
8919
8918
8918
8914
8911
8910
8910
8908
8907
8906
8906
8905
8905
8904
8903
8901
8899
8899
8897
8895
8894
8894
8894
8892
8892
8891
8889
8889
8887
8886
8886
8885
8883
8882
8882
8881
8879
8878
8878
8877
8875
8871
8871
8870
8867
8866
8863
8863
8863
8862
8860
8857
8856
8853
8852
8852
8850
8850
8849
8847
8847
8847
8845
8843
8839
8838
8837
8833
8832
8832
8831
8829
8829
8828
8827
8826
8825
8825
8823
8822
8820
8815
8815
8814
8812
8811
8811
8811
8809
8809
8808
8806
8805
8804
8802
8801
8799
8796
8795
8794
8794
8794
8793
8791
8791
8790
8789
8788
8786
8785
8784
8784
8780
8777
8776
8776
8776
8775
8775
8773
8773
8773
8772
8772
8770
8769
8769
8765
8765
8763
8763
8759
8759
8758
8756
8755
8755
8754
8754
8754
8751
8751
8751
8751
8747
8744
8743
8743
8743
8742
8742
8741
8741
8738
8738
8736
8731
8731
8730
8730
8722
8720
8720
8720
8720
8719
8718
8718
8714
8711
8709
8709
8707
8707
8707
8706
8704
8704
8703
8703
8701
8701
8700
8699
8699
8699
8698
8697
8696
8695
8693
8693
8693
8689
8687
8686
8686
8685
8684
8682
8681
8681
8680
8679
8676
8673
8672
8671
8670
8670
8668
8667
8667
8667
8666
8666
8666
8665
8664
8663
8663
8662
8660
8657
8657
8657
8656
8656
8656
8653
8652
8651
8651
8649
8648
8647
8647
8647
8644
8644
8643
8640
8639
8638
8638
8638
8637
8634
8634
8633
8632
8630
8630
8628
8627
8626
8623
8621
8621
8621
8620
8620
8618
8618
8617
8615
8615
8615
8613
8613
8613
8611
8606
8605
8605
8604
8603
8602
8601
8601
8599
8596
8593
8593
8592
8591
8591
8591
8590
8589
8589
8588
8587
8586
8586
8584
8581
8581
8577
8576
8575
8575
8575
8572
8569
8569
8568
8568
8565
8560
8559
8559
8558
8558
8556
8555
8554
8552
8551
8547
8546
8546
8543
8542
8541
8539
8537
8537
8536
8535
8535
8535
8535
8535
8534
8533
8533
8532
8532
8530
8529
8528
8527
8527
8526
8525
8523
8521
8521
8521
8519
8519
8518
8517
8516
8513
8511
8507
8504
8504
8502
8501
8500
8500
8499
8498
8495
8495
8495
8494
8493
8493
8492
8492
8491
8488
8488
8487
8487
8484
8483
8483
8483
8482
8481
8481
8480
8475
8474
8474
8472
8471
8471
8469
8467
8467
8466
8466
8462
8461
8461
8461
8461
8460
8459
8458
8458
8456
8456
8454
8452
8452
8449
8448
8447
8447
8446
8446
8445
8445
8444
8444
8444
8443
8443
8438
8438
8437
8437
8437
8435
8433
8432
8431
8431
8429
8429
8428
8427
8426
8425
8422
8422
8421
8421
8417
8417
8417
8416
8413
8411
8410
8410
8409
8407
8406
8405
8403
8400
8398
8397
8397
8396
8395
8392
8392
8390
8388
8388
8388
8385
8384
8383
8382
8380
8380
8380
8379
8377
8376
8376
8370
8369
8366
8366
8366
8365
8364
8364
8364
8364
8363
8361
8357
8357
8356
8355
8355
8353
8353
8352
8351
8350
8350
8348
8347
8344
8342
8340
8340
8340
8340
8340
8338
8336
8332
8331
8331
8330
8330
8329
8328
8328
8327
8327
8327
8326
8325
8324
8323
8321
8319
8318
8317
8316
8315
8313
8312
8311
8311
8309
8309
8308
8308
8308
8306
8306
8305
8305
8304
8303
8303
8301
8300
8298
8298
8297
8296
8296
8296
8296
8294
8293
8292
8292
8291
8290
8290
8289
8288
8287
8287
8285
8284
8280
8279
8279
8277
8276
8276
8274
8273
8272
8272
8270
8268
8267
8263
8260
8258
8258
8256
8253
8253
8251
8249
8248
8247
8247
8247
8247
8244
8242
8241
8241
8239
8237
8237
8237
8236
8235
8235
8234
8234
8234
8231
8230
8229
8228
8227
8227
8226
8222
8221
8220
8220
8219
8219
8218
8217
8216
8215
8214
8213
8213
8212
8210
8210
8210
8208
8208
8206
8205
8205
8205
8204
8204
8204
8202
8200
8199
8198
8197
8194
8194
8194
8192
8191
8189
8189
8189
8188
8188
8187
8186
8186
8184
8182
8180
8180
8179
8177
8175
8175
8173
8172
8171
8170
8170
8170
8169
8169
8169
8167
8163
8162
8160
8160
8157
8157
8157
8157
8157
8156
8156
8154
8153
8153
8151
8151
8151
8149
8149
8146
8145
8143
8143
8143
8138
8136
8136
8136
8131
8129
8128
8127
8127
8125
8125
8122
8121
8119
8119
8119
8118
8117
8116
8114
8113
8111
8111
8111
8110
8110
8110
8108
8106
8105
8104
8103
8100
8099
8098
8098
8096
8095
8094
8093
8092
8092
8092
8091
8089
8089
8088
8087
8086
8084
8083
8082
8082
8078
8076
8076
8075
8075
8073
8073
8073
8073
8072
8070
8070
8069
8069
8068
8068
8067
8066
8065
8061
8060
8059
8059
8058
8058
8056
8056
8055
8054
8054
8047
8047
8046
8046
8045
8044
8044
8043
8043
8042
8040
8038
8038
8037
8035
8034
8033
8033
8032
8031
8031
8028
8027
8027
8025
8024
8024
8022
8022
8019
8018
8018
8018
8017
8016
8015
8014
8014
8013
8013
8009
8008
8004
8004
8000
7995
7994
7989
7989
7988
7986
7986
7986
7985
7983
7981
7977
7977
7975
7973
7972
7967
7966
7966
7966
7965
7964
7964
7963
7963
7962
7960
7960
7960
7958
7958
7956
7955
7954
7953
7951
7950
7948
7942
7940
7940
7938
7936
7935
7934
7932
7931
7931
7930
7930
7928
7928
7926
7925
7925
7924
7923
7923
7922
7921
7919
7916
7916
7915
7915
7915
7915
7913
7913
7911
7910
7910
7905
7901
7900
7899
7898
7897
7896
7896
7895
7893
7892
7891
7890
7890
7887
7886
7881
7880
7877
7877
7877
7876
7876
7875
7874
7873
7871
7870
7869
7867
7865
7864
7861
7861
7861
7860
7860
7859
7857
7855
7854
7854
7853
7852
7851
7850
7849
7845
7845
7844
7843
7843
7843
7842
7841
7839
7839
7839
7837
7835
7834
7833
7833
7833
7832
7832
7831
7828
7828
7828
7828
7828
7826
7825
7824
7822
7822
7821
7820
7819
7818
7817
7816
7815
7815
7814
7811
7809
7809
7809
7808
7808
7807
7807
7805
7804
7804
7804
7804
7804
7803
7803
7802
7802
7799
7799
7799
7798
7798
7797
7796
7796
7794
7794
7793
7792
7792
7789
7788
7785
7785
7783
7783
7783
7782
7782
7781
7781
7778
7774
7773
7772
7771
7771
7770
7770
7769
7768
7767
7766
7765
7765
7763
7763
7762
7762
7758
7757
7756
7755
7749
7748
7747
7747
7745
7744
7739
7734
7730
7730
7730
7728
7725
7724
7723
7723
7723
7722
7721
7721
7721
7720
7719
7719
7718
7717
7716
7714
7710
7710
7709
7709
7709
7709
7708
7708
7708
7708
7707
7705
7700
7700
7697
7696
7695
7695
7695
7693
7690
7689
7689
7688
7685
7683
7683
7681
7678
7677
7677
7676
7676
7676
7675
7674
7669
7669
7666
7665
7663
7662
7659
7658
7655
7654
7653
7652
7652
7649
7649
7647
7644
7639
7639
7637
7636
7634
7631
7631
7629
7627
7627
7627
7625
7625
7624
7623
7622
7621
7620
7619
7619
7619
7618
7617
7617
7616
7615
7612
7607
7607
7607
7606
7605
7605
7604
7602
7601
7600
7600
7599
7599
7599
7598
7596
7596
7596
7596
7596
7594
7592
7591
7590
7589
7589
7589
7588
7585
7585
7584
7582
7581
7581
7580
7580
7580
7579
7579
7578
7578
7577
7576
7574
7574
7573
7572
7569
7569
7568
7567
7567
7566
7565
7562
7561
7561
7560
7560
7556
7555
7555
7554
7553
7553
7552
7552
7552
7551
7550
7550
7549
7547
7543
7543
7542
7542
7541
7541
7540
7540
7538
7538
7538
7537
7535
7533
7532
7532
7532
7531
7530
7526
7525
7524
7524
7524
7523
7521
7521
7519
7519
7519
7518
7513
7512
7512
7512
7512
7511
7511
7510
7510
7510
7509
7508
7507
7503
7502
7502
7502
7501
7500
7498
7496
7496
7495
7491
7491
7488
7487
7485
7484
7482
7480
7478
7476
7473
7472
7471
7471
7466
7466
7465
7464
7461
7460
7458
7457
7454
7453
7452
7452
7452
7452
7450
7448
7448
7447
7444
7443
7442
7441
7441
7440
7438
7435
7434
7434
7432
7432
7432
7432
7430
7429
7428
7427
7425
7425
7424
7424
7421
7421
7420
7420
7417
7417
7417
7414
7413
7412
7411
7411
7410
7408
7405
7401
7401
7401
7401
7401
7399
7398
7393
7388
7388
7387
7385
7383
7381
7381
7379
7377
7377
7376
7375
7375
7374
7373
7373
7370
7369
7367
7366
7365
7365
7365
7362
7362
7356
7356
7356
7355
7354
7353
7351
7351
7350
7349
7348
7348
7347
7346
7346
7346
7343
7339
7338
7338
7337
7336
7336
7336
7336
7335
7333
7331
7330
7328
7327
7324
7323
7323
7323
7321
7320
7320
7317
7316
7315
7313
7313
7309
7307
7306
7305
7305
7304
7304
7304
7303
7303
7303
7301
7300
7300
7299
7297
7297
7296
7296
7294
7294
7293
7293
7293
7292
7292
7290
7284
7283
7281
7279
7279
7279
7278
7278
7277
7276
7275
7272
7271
7269
7269
7269
7267
7267
7266
7265
7264
7263
7263
7262
7262
7262
7262
7261
7257
7256
7256
7255
7254
7252
7251
7248
7248
7247
7245
7245
7244
7244
7243
7243
7242
7239
7238
7237
7237
7236
7235
7235
7232
7230
7226
7222
7222
7221
7217
7214
7212
7212
7211
7211
7209
7209
7208
7208
7205
7205
7205
7204
7201
7201
7200
7199
7199
7198
7198
7196
7195
7195
7191
7191
7190
7190
7188
7188
7188
7188
7188
7187
7186
7185
7185
7185
7184
7183
7181
7180
7180
7179
7177
7176
7175
7174
7173
7172
7172
7172
7170
7170
7169
7167
7166
7166
7165
7165
7163
7160
7160
7158
7158
7157
7157
7156
7156
7155
7153
7153
7152
7152
7152
7152
7152
7150
7149
7148
7147
7147
7147
7146
7145
7145
7144
7141
7140
7139
7138
7136
7136
7136
7132
7131
7131
7130
7129
7128
7127
7127
7126
7125
7125
7125
7124
7122
7122
7122
7121
7121
7119
7117
7117
7117
7116
7115
7115
7115
7114
7114
7111
7108
7105
7104
7101
7098
7097
7097
7096
7095
7095
7092
7092
7092
7091
7090
7089
7089
7088
7088
7086
7085
7084
7082
7080
7080
7079
7079
7076
7076
7073
7073
7072
7072
7071
7069
7069
7067
7066
7057
7055
7053
7052
7051
7050
7050
7049
7049
7048
7047
7047
7046
7046
7045
7042
7042
7039
7038
7038
7038
7038
7036
7036
7036
7033
7031
7031
7030
7030
7029
7028
7028
7024
7021
7021
7021
7020
7020
7017
7017
7017
7016
7015
7014
7014
7013
7012
7011
7011
7009
7006
7005
7005
7005
7004
7004
7002
7002
6999
6999
6999
6998
6998
6998
6997
6997
6995
6995
6994
6993
6990
6987
6982
6982
6981
6980
6978
6978
6976
6976
6972
6972
6971
6968
6967
6966
6964
6963
6962
6960
6959
6959
6956
6954
6952
6951
6948
6947
6947
6947
6945
6945
6945
6944
6943
6941
6939
6936
6936
6935
6932
6932
6931
6930
6930
6929
6925
6925
6925
6922
6922
6920
6919
6919
6918
6918
6915
6915
6914
6913
6911
6910
6909
6909
6908
6908
6908
6907
6906
6905
6904
6902
6901
6901
6900
6900
6900
6898
6897
6895
6894
6894
6894
6890
6890
6890
6887
6886
6884
6883
6882
6880
6877
6876
6874
6874
6872
6872
6869
6868
6867
6866
6863
6863
6861
6861
6857
6851
6850
6850
6850
6848
6848
6848
6848
6848
6847
6845
6844
6844
6843
6840
6839
6839
6838
6838
6837
6836
6834
6834
6833
6832
6832
6831
6828
6824
6823
6823
6823
6822
6820
6819
6818
6818
6817
6817
6815
6813
6813
6812
6811
6810
6809
6808
6808
6807
6806
6805
6805
6804
6804
6802
6799
6799
6798
6797
6794
6793
6792
6792
6791
6791
6791
6790
6789
6789
6788
6788
6787
6785
6785
6784
6784
6782
6779
6777
6777
6777
6776
6776
6776
6774
6773
6771
6770
6768
6768
6767
6765
6765
6765
6764
6759
6759
6758
6758
6755
6755
6753
6752
6751
6750
6749
6749
6749
6748
6744
6743
6742
6741
6739
6739
6738
6732
6727
6727
6726
6724
6723
6722
6721
6721
6721
6720
6716
6712
6708
6708
6708
6707
6705
6704
6702
6701
6699
6697
6697
6696
6696
6694
6692
6691
6690
6690
6688
6688
6687
6687
6685
6684
6684
6684
6683
6680
6679
6679
6677
6677
6674
6673
6672
6671
6670
6665
6662
6662
6660
6657
6657
6656
6656
6655
6655
6654
6653
6653
6652
6652
6652
6651
6651
6650
6648
6641
6639
6639
6637
6637
6636
6635
6635
6632
6629
6628
6623
6621
6621
6620
6618
6616
6615
6615
6612
6611
6611
6611
6611
6609
6606
6604
6603
6602
6602
6601
6600
6598
6597
6596
6595
6594
6592
6591
6591
6591
6590
6589
6589
6588
6588
6586
6584
6584
6582
6579
6578
6578
6577
6576
6573
6571
6571
6569
6568
6568
6566
6565
6565
6563
6563
6562
6561
6559
6559
6557
6556
6555
6553
6553
6552
6551
6549
6547
6547
6546
6546
6546
6545
6544
6544
6543
6543
6541
6541
6540
6540
6538
6538
6537
6536
6536
6534
6533
6533
6532
6532
6530
6528
6528
6527
6527
6527
6526
6525
6522
6522
6521
6521
6520
6518
6517
6517
6514
6510
6510
6509
6507
6507
6506
6505
6504
6503
6503
6502
6497
6497
6493
6493
6492
6492
6491
6486
6484
6484
6484
6484
6483
6479
6478
6478
6478
6477
6477
6476
6476
6475
6473
6468
6464
6463
6462
6462
6461
6461
6459
6457
6456
6455
6453
6452
6451
6450
6448
6447
6445
6445
6445
6444
6444
6443
6443
6443
6438
6438
6438
6437
6436
6435
6435
6433
6433
6433
6432
6429
6428
6427
6427
6427
6426
6425
6425
6424
6423
6423
6423
6421
6419
6418
6417
6417
6416
6414
6413
6413
6413
6413
6411
6411
6409
6409
6409
6408
6404
6401
6399
6398
6395
6394
6392
6390
6388
6387
6386
6386
6385
6384
6384
6382
6382
6382
6380
6380
6379
6379
6378
6376
6371
6371
6371
6370
6370
6366
6366
6365
6362
6362
6361
6361
6361
6359
6358
6358
6357
6357
6357
6357
6354
6353
6352
6351
6350
6348
6347
6346
6346
6342
6342
6342
6337
6337
6334
6333
6333
6332
6332
6331
6328
6327
6327
6327
6327
6326
6324
6323
6323
6323
6322
6320
6319
6319
6318
6317
6315
6315
6314
6314
6314
6314
6312
6312
6311
6310
6310
6309
6309
6309
6308
6307
6305
6304
6302
6301
6301
6298
6295
6295
6293
6293
6292
6288
6288
6288
6287
6287
6286
6285
6283
6282
6281
6279
6279
6278
6278
6278
6277
6276
6275
6274
6273
6273
6272
6272
6270
6270
6269
6267
6267
6267
6267
6266
6266
6264
6263
6262
6262
6261
6259
6258
6258
6255
6255
6255
6253
6252
6251
6250
6245
6243
6243
6242
6241
6241
6241
6239
6238
6236
6235
6233
6232
6232
6228
6225
6224
6222
6221
6220
6220
6219
6219
6218
6216
6215
6215
6213
6213
6213
6212
6211
6211
6209
6209
6209
6207
6205
6203
6202
6201
6199
6198
6198
6195
6194
6192
6190
6190
6189
6189
6186
6179
6178
6172
6172
6171
6171
6170
6170
6169
6168
6166
6166
6165
6165
6164
6164
6163
6162
6160
6158
6155
6154
6154
6152
6149
6148
6148
6148
6142
6141
6141
6140
6139
6138
6137
6136
6135
6135
6134
6134
6133
6133
6132
6131
6127
6126
6125
6123
6121
6119
6119
6118
6117
6116
6116
6115
6113
6112
6111
6110
6109
6107
6101
6101
6098
6097
6093
6093
6090
6087
6085
6085
6083
6082
6081
6080
6079
6076
6074
6074
6073
6073
6072
6069
6069
6069
6068
6065
6065
6064
6064
6063
6061
6061
6059
6059
6058
6058
6057
6056
6055
6055
6054
6053
6053
6050
6050
6047
6046
6046
6045
6044
6042
6042
6041
6040
6038
6036
6034
6030
6030
6029
6028
6024
6024
6023
6022
6021
6020
6019
6018
6018
6016
6016
6016
6016
6015
6014
6013
6011
6011
6010
6010
6008
6008
6006
6006
6004
6003
6002
5999
5999
5999
5998
5997
5995
5994
5993
5993
5993
5992
5992
5991
5991
5990
5989
5988
5987
5987
5987
5987
5986
5985
5985
5984
5984
5983
5982
5981
5976
5975
5974
5974
5971
5968
5968
5968
5968
5968
5967
5967
5966
5965
5965
5964
5964
5963
5962
5959
5959
5958
5957
5955
5955
5954
5954
5953
5953
5950
5949
5943
5942
5941
5941
5941
5941
5939
5939
5938
5938
5938
5937
5937
5935
5934
5934
5932
5931
5930
5930
5927
5927
5925
5924
5923
5923
5922
5921
5920
5918
5916
5916
5916
5915
5913
5913
5912
5912
5911
5910
5910
5910
5907
5906
5906
5904
5904
5902
5900
5899
5899
5898
5897
5896
5896
5895
5895
5892
5890
5887
5886
5885
5885
5884
5884
5881
5881
5881
5880
5879
5879
5879
5878
5878
5878
5877
5873
5872
5871
5871
5870
5870
5870
5869
5869
5868
5868
5867
5867
5861
5859
5858
5858
5856
5854
5852
5850
5849
5849
5847
5844
5841
5838
5837
5834
5834
5832
5830
5829
5828
5825
5825
5823
5823
5822
5820
5820
5817
5815
5815
5814
5814
5814
5813
5812
5809
5808
5802
5802
5802
5801
5801
5801
5800
5798
5793
5793
5790
5788
5788
5786
5786
5784
5784
5783
5783
5782
5781
5779
5778
5777
5776
5774
5769
5768
5767
5766
5765
5765
5765
5765
5763
5762
5762
5761
5761
5760
5760
5760
5759
5759
5758
5754
5753
5753
5753
5753
5752
5752
5752
5752
5751
5750
5749
5748
5747
5744
5743
5743
5742
5742
5741
5740
5738
5736
5735
5734
5733
5733
5733
5731
5731
5731
5727
5727
5726
5726
5726
5725
5724
5722
5722
5721
5721
5720
5718
5713
5713
5712
5711
5710
5708
5708
5707
5705
5705
5705
5703
5702
5702
5702
5701
5698
5696
5693
5693
5693
5693
5693
5693
5691
5691
5690
5689
5683
5680
5680
5680
5678
5676
5673
5672
5671
5670
5670
5670
5670
5668
5667
5659
5659
5656
5656
5655
5655
5651
5651
5651
5650
5650
5649
5647
5646
5646
5645
5642
5641
5641
5640
5640
5639
5636
5635
5634
5633
5633
5632
5631
5630
5629
5626
5625
5624
5623
5622
5622
5621
5620
5620
5619
5618
5617
5617
5616
5616
5615
5615
5614
5614
5614
5614
5613
5612
5612
5606
5605
5604
5603
5603
5601
5600
5598
5597
5597
5596
5595
5593
5593
5593
5592
5591
5590
5588
5588
5587
5586
5585
5584
5582
5582
5581
5581
5581
5580
5578
5578
5577
5576
5575
5575
5574
5570
5569
5568
5567
5565
5565
5565
5564
5563
5562
5562
5562
5557
5557
5553
5553
5552
5552
5551
5551
5551
5550
5546
5543
5541
5541
5541
5541
5540
5538
5537
5536
5536
5533
5533
5532
5532
5532
5530
5530
5528
5526
5525
5524
5523
5522
5519
5519
5518
5518
5517
5515
5512
5511
5510
5508
5508
5508
5506
5503
5502
5502
5501
5497
5496
5496
5494
5494
5491
5489
5488
5487
5487
5486
5486
5486
5486
5484
5484
5484
5483
5478
5478
5477
5475
5474
5474
5473
5472
5470
5469
5467
5466
5464
5463
5463
5462
5460
5460
5458
5456
5455
5454
5453
5453
5452
5451
5451
5451
5448
5448
5448
5446
5446
5445
5444
5443
5442
5441
5440
5439
5439
5438
5438
5435
5435
5434
5433
5433
5431
5430
5430
5429
5428
5426
5426
5425
5425
5423
5422
5421
5421
5421
5417
5417
5415
5415
5412
5411
5408
5408
5407
5407
5405
5405
5403
5402
5400
5399
5397
5395
5395
5394
5389
5387
5387
5385
5382
5382
5380
5379
5378
5377
5375
5375
5374
5373
5372
5371
5371
5369
5369
5368
5368
5367
5366
5366
5363
5361
5360
5358
5357
5355
5354
5352
5350
5349
5349
5345
5345
5344
5344
5342
5340
5340
5339
5339
5339
5337
5336
5336
5335
5333
5331
5327
5326
5325
5325
5324
5323
5322
5322
5319
5319
5316
5316
5316
5314
5313
5312
5310
5308
5306
5306
5305
5305
5304
5304
5303
5300
5299
5299
5296
5296
5296
5296
5295
5294
5292
5292
5290
5290
5290
5289
5289
5289
5287
5286
5285
5282
5281
5280
5280
5277
5275
5275
5274
5272
5272
5272
5271
5270
5267
5267
5267
5263
5263
5263
5257
5256
5256
5255
5255
5255
5254
5253
5252
5251
5251
5250
5250
5248
5247
5244
5244
5244
5242
5240
5238
5238
5238
5238
5237
5237
5235
5235
5235
5235
5234
5230
5225
5225
5225
5224
5222
5220
5218
5217
5216
5215
5215
5210
5209
5209
5208
5207
5206
5205
5204
5203
5201
5201
5201
5200
5198
5188
5188
5187
5187
5185
5183
5183
5181
5178
5176
5176
5176
5176
5175
5175
5174
5173
5172
5169
5168
5166
5165
5165
5164
5163
5162
5158
5154
5153
5151
5150
5149
5148
5148
5145
5145
5144
5142
5140
5139
5138
5137
5137
5137
5136
5135
5135
5133
5131
5128
5128
5126
5126
5125
5124
5124
5122
5122
5121
5121
5120
5120
5120
5118
5117
5116
5116
5114
5107
5104
5104
5104
5103
5103
5103
5100
5098
5097
5096
5095
5095
5095
5094
5093
5093
5092
5090
5089
5088
5088
5087
5085
5084
5080
5080
5079
5076
5075
5071
5070
5067
5067
5066
5066
5065
5065
5065
5065
5059
5059
5058
5058
5058
5056
5056
5054
5054
5052
5051
5051
5051
5050
5050
5049
5045
5045
5044
5042
5041
5041
5041
5040
5039
5032
5032
5030
5030
5030
5029
5027
5027
5026
5026
5025
5024
5024
5024
5024
5023
5022
5022
5021
5019
5018
5016
5015
5015
5014
5012
5012
5012
5011
5011
5008
5007
5004
5004
5004
5002
5001
5001
4999
4997
4995
4995
4995
4995
4994
4993
4993
4992
4992
4991
4990
4989
4986
4985
4984
4984
4983
4981
4981
4979
4979
4976
4975
4975
4972
4967
4967
4967
4965
4965
4965
4964
4963
4963
4963
4961
4960
4959
4959
4954
4953
4953
4947
4945
4944
4941
4940
4939
4939
4938
4938
4935
4934
4933
4933
4931
4929
4929
4927
4925
4925
4923
4922
4921
4920
4918
4917
4917
4917
4916
4916
4915
4914
4914
4914
4911
4910
4910
4909
4907
4906
4903
4902
4899
4897
4896
4896
4896
4894
4892
4891
4890
4888
4887
4886
4885
4885
4884
4883
4882
4882
4882
4877
4876
4875
4873
4873
4870
4869
4868
4867
4866
4864
4863
4863
4862
4861
4860
4860
4859
4859
4858
4858
4856
4856
4855
4854
4854
4853
4853
4852
4851
4847
4845
4845
4844
4843
4842
4840
4838
4837
4837
4835
4834
4834
4834
4833
4830
4830
4830
4830
4829
4828
4828
4828
4825
4825
4823
4823
4818
4815
4814
4814
4814
4813
4813
4813
4812
4810
4810
4809
4809
4809
4807
4806
4806
4806
4796
4796
4796
4793
4791
4791
4791
4789
4788
4788
4787
4786
4786
4781
4779
4778
4775
4775
4774
4773
4772
4772
4772
4771
4771
4771
4771
4770
4770
4769
4768
4767
4762
4760
4760
4758
4758
4757
4754
4753
4751
4751
4751
4749
4749
4744
4743
4743
4742
4740
4739
4738
4737
4736
4735
4735
4734
4734
4733
4732
4732
4731
4731
4730
4729
4729
4728
4727
4727
4726
4726
4726
4724
4723
4723
4723
4722
4720
4716
4715
4714
4714
4713
4712
4711
4709
4709
4707
4707
4707
4704
4704
4703
4702
4701
4700
4699
4699
4698
4697
4694
4694
4693
4692
4690
4690
4687
4687
4686
4686
4685
4685
4683
4683
4680
4679
4678
4676
4676
4673
4673
4670
4669
4669
4665
4664
4663
4663
4663
4662
4661
4661
4660
4660
4659
4659
4658
4657
4657
4656
4653
4653
4651
4647
4647
4646
4645
4644
4644
4641
4641
4640
4640
4639
4638
4637
4636
4635
4634
4634
4633
4630
4628
4628
4628
4627
4627
4625
4625
4622
4621
4620
4620
4619
4618
4618
4616
4616
4616
4616
4615
4615
4614
4612
4611
4611
4610
4606
4606
4605
4604
4603
4603
4602
4601
4598
4597
4596
4596
4593
4592
4591
4590
4587
4586
4585
4584
4584
4582
4581
4580
4580
4580
4579
4577
4577
4577
4576
4576
4576
4573
4573
4573
4570
4569
4568
4568
4567
4567
4567
4566
4566
4565
4564
4564
4563
4563
4561
4561
4561
4559
4559
4558
4558
4557
4557
4557
4556
4555
4554
4553
4553
4552
4551
4551
4550
4549
4549
4547
4547
4546
4546
4543
4542
4542
4542
4541
4541
4541
4539
4539
4539
4537
4537
4537
4535
4535
4535
4534
4532
4531
4531
4530
4530
4529
4528
4526
4526
4523
4522
4522
4519
4519
4519
4518
4517
4516
4514
4513
4512
4511
4510
4509
4508
4507
4505
4504
4503
4503
4499
4496
4495
4493
4492
4492
4485
4485
4484
4483
4483
4482
4480
4480
4480
4480
4480
4479
4478
4478
4476
4476
4475
4474
4473
4473
4468
4467
4466
4465
4465
4461
4461
4461
4461
4457
4457
4456
4453
4451
4450
4446
4446
4445
4445
4445
4441
4439
4433
4432
4431
4430
4430
4429
4427
4426
4425
4425
4425
4423
4423
4422
4422
4421
4420
4417
4416
4415
4411
4410
4409
4409
4408
4407
4406
4402
4401
4401
4401
4400
4396
4395
4392
4392
4391
4389
4388
4388
4386
4386
4386
4384
4383
4381
4380
4379
4379
4378
4378
4378
4377
4376
4374
4369
4368
4367
4367
4366
4364
4364
4363
4363
4361
4360
4359
4359
4359
4359
4355
4355
4354
4350
4350
4350
4349
4348
4346
4344
4341
4337
4337
4337
4335
4333
4333
4332
4332
4330
4330
4328
4328
4326
4326
4324
4324
4323
4323
4320
4320
4318
4317
4316
4314
4312
4312
4310
4310
4309
4308
4308
4306
4304
4304
4303
4300
4298
4297
4293
4292
4292
4291
4290
4290
4284
4284
4281
4280
4278
4278
4277
4277
4276
4276
4275
4273
4273
4273
4272
4272
4271
4269
4269
4269
4268
4266
4266
4266
4263
4263
4259
4259
4254
4254
4253
4252
4252
4250
4250
4249
4248
4247
4247
4246
4245
4244
4244
4244
4243
4243
4241
4240
4240
4237
4237
4236
4235
4235
4232
4231
4230
4230
4228
4227
4227
4226
4226
4224
4221
4221
4220
4218
4218
4218
4216
4215
4215
4215
4211
4210
4209
4208
4208
4205
4204
4203
4202
4201
4200
4199
4199
4199
4198
4198
4198
4198
4198
4196
4195
4195
4193
4193
4192
4190
4190
4189
4188
4188
4186
4186
4185
4183
4180
4180
4180
4179
4178
4176
4176
4173
4172
4172
4171
4169
4169
4168
4168
4166
4165
4165
4162
4159
4158
4158
4156
4151
4149
4148
4148
4147
4146
4146
4145
4143
4143
4142
4139
4139
4138
4135
4135
4134
4134
4133
4131
4131
4130
4128
4128
4121
4120
4120
4120
4119
4119
4117
4116
4115
4115
4114
4114
4112
4110
4110
4109
4109
4109
4107
4106
4106
4105
4105
4101
4101
4100
4100
4100
4099
4097
4096
4095
4094
4093
4093
4093
4093
4093
4092
4091
4090
4089
4088
4086
4083
4082
4081
4081
4081
4081
4080
4080
4080
4078
4074
4074
4074
4073
4072
4071
4070
4070
4070
4069
4067
4067
4066
4062
4062
4062
4061
4061
4060
4059
4058
4058
4058
4057
4056
4056
4055
4052
4051
4051
4047
4046
4044
4044
4044
4039
4039
4037
4036
4035
4035
4034
4034
4033
4033
4033
4031
4031
4029
4026
4025
4024
4023
4023
4021
4021
4018
4018
4017
4014
4013
4010
4008
4007
4006
4003
4003
4000
3999
3999
3998
3998
3997
3996
3994
3994
3993
3992
3991
3989
3987
3986
3984
3984
3984
3982
3980
3979
3978
3978
3978
3977
3974
3974
3973
3972
3971
3969
3969
3968
3966
3965
3965
3964
3964
3963
3962
3962
3961
3959
3958
3957
3956
3956
3954
3951
3951
3950
3949
3948
3947
3943
3942
3942
3941
3940
3940
3939
3938
3938
3938
3936
3935
3933
3932
3931
3930
3930
3930
3929
3926
3924
3922
3921
3920
3920
3917
3916
3914
3914
3912
3911
3911
3910
3909
3909
3909
3908
3908
3907
3906
3904
3902
3901
3898
3897
3897
3897
3897
3893
3891
3890
3889
3888
3888
3887
3886
3885
3883
3881
3881
3880
3878
3877
3877
3876
3874
3873
3871
3869
3868
3868
3868
3868
3868
3868
3866
3865
3865
3864
3863
3862
3861
3861
3860
3859
3858
3858
3855
3853
3853
3853
3849
3846
3846
3846
3845
3845
3843
3843
3841
3841
3839
3839
3839
3838
3838
3836
3836
3835
3833
3833
3833
3832
3830
3830
3830
3829
3826
3825
3824
3824
3824
3822
3821
3820
3818
3818
3817
3815
3814
3814
3813
3813
3812
3812
3811
3809
3809
3809
3806
3805
3804
3804
3804
3802
3802
3801
3801
3800
3798
3797
3794
3793
3793
3793
3792
3791
3791
3790
3790
3790
3789
3789
3788
3788
3786
3785
3785
3782
3782
3781
3780
3778
3777
3774
3774
3773
3773
3772
3772
3772
3771
3771
3769
3767
3767
3767
3766
3765
3762
3762
3759
3753
3753
3750
3748
3745
3741
3739
3736
3736
3733
3733
3733
3732
3731
3730
3730
3728
3728
3727
3727
3727
3727
3726
3725
3724
3724
3724
3723
3723
3721
3721
3719
3719
3718
3718
3718
3718
3717
3717
3716
3715
3711
3710
3710
3710
3710
3705
3705
3704
3702
3702
3700
3699
3698
3698
3698
3698
3693
3692
3689
3688
3687
3686
3685
3685
3683
3683
3683
3683
3681
3680
3680
3677
3677
3677
3675
3674
3674
3673
3672
3672
3670
3670
3670
3669
3668
3668
3667
3667
3666
3666
3666
3665
3663
3663
3663
3662
3662
3661
3661
3660
3659
3659
3659
3658
3657
3656
3655
3655
3650
3649
3649
3649
3649
3648
3647
3647
3646
3645
3645
3640
3636
3634
3631
3630
3630
3630
3629
3628
3628
3625
3624
3624
3624
3623
3622
3622
3622
3622
3621
3619
3619
3619
3617
3614
3607
3607
3607
3605
3604
3603
3601
3600
3599
3599
3598
3598
3598
3598
3597
3594
3590
3590
3588
3586
3585
3583
3582
3581
3580
3580
3578
3575
3575
3575
3574
3573
3571
3564
3564
3563
3562
3561
3561
3561
3558
3556
3555
3555
3554
3552
3552
3551
3551
3550
3550
3549
3548
3548
3546
3544
3544
3544
3544
3542
3542
3542
3541
3540
3540
3540
3539
3539
3538
3537
3536
3536
3536
3535
3535
3535
3534
3533
3533
3532
3529
3528
3527
3525
3525
3525
3524
3523
3523
3523
3523
3523
3521
3520
3519
3516
3514
3512
3512
3512
3511
3511
3510
3509
3508
3508
3508
3507
3506
3505
3505
3505
3504
3504
3502
3499
3498
3497
3496
3493
3493
3492
3492
3490
3489
3488
3487
3487
3486
3486
3485
3485
3482
3482
3481
3481
3480
3480
3478
3477
3477
3477
3475
3474
3473
3467
3466
3465
3463
3461
3459
3459
3458
3458
3453
3453
3453
3452
3450
3450
3450
3449
3449
3448
3447
3447
3447
3446
3446
3439
3436
3435
3433
3433
3431
3431
3430
3430
3429
3427
3426
3425
3425
3424
3424
3423
3422
3422
3420
3420
3419
3418
3416
3415
3415
3414
3412
3411
3410
3407
3406
3405
3405
3405
3404
3402
3402
3399
3399
3399
3399
3398
3396
3394
3394
3394
3393
3392
3389
3389
3389
3388
3388
3386
3386
3385
3380
3376
3375
3372
3371
3368
3368
3367
3364
3363
3363
3361
3361
3360
3360
3358
3357
3356
3355
3354
3354
3353
3352
3351
3351
3349
3347
3347
3346
3342
3342
3341
3341
3340
3339
3339
3338
3338
3337
3337
3337
3337
3336
3335
3333
3332
3331
3330
3330
3329
3328
3328
3328
3327
3327
3326
3324
3323
3322
3321
3320
3320
3319
3317
3317
3314
3312
3312
3312
3311
3310
3310
3309
3307
3306
3306
3306
3306
3306
3305
3304
3304
3302
3301
3301
3301
3300
3299
3299
3298
3296
3294
3293
3293
3293
3289
3289
3287
3287
3287
3284
3283
3281
3281
3280
3280
3279
3277
3275
3275
3274
3272
3271
3271
3271
3269
3269
3269
3268
3266
3265
3264
3262
3262
3258
3257
3256
3256
3255
3253
3253
3251
3251
3250
3249
3247
3247
3246
3246
3246
3244
3244
3244
3244
3244
3243
3241
3240
3240
3239
3238
3237
3235
3235
3234
3232
3229
3228
3228
3228
3227
3226
3225
3225
3225
3222
3222
3222
3220
3219
3218
3216
3215
3215
3211
3210
3210
3208
3207
3207
3204
3203
3202
3200
3199
3198
3198
3197
3194
3189
3187
3186
3186
3184
3183
3180
3180
3179
3179
3179
3178
3178
3176
3176
3174
3171
3171
3168
3165
3164
3163
3163
3160
3160
3159
3158
3158
3157
3155
3155
3154
3153
3148
3144
3144
3143
3141
3140
3139
3135
3135
3134
3134
3134
3133
3133
3129
3127
3127
3124
3123
3123
3122
3121
3121
3119
3119
3116
3114
3113
3112
3111
3110
3108
3108
3107
3107
3107
3106
3104
3103
3103
3103
3101
3098
3098
3097
3097
3097
3096
3096
3095
3095
3095
3092
3089
3089
3087
3087
3086
3084
3082
3081
3081
3079
3075
3073
3073
3072
3071
3071
3070
3070
3070
3066
3066
3065
3063
3063
3062
3060
3059
3058
3057
3056
3055
3052
3051
3050
3049
3048
3047
3046
3045
3045
3042
3041
3040
3040
3038
3038
3038
3037
3037
3037
3037
3035
3034
3033
3032
3031
3031
3026
3024
3023
3022
3020
3020
3019
3018
3017
3017
3017
3015
3013
3012
3012
3009
3008
3007
3003
3000
3000
3000
3000
3000
2998
2992
2991
2991
2990
2989
2988
2987
2987
2987
2984
2983
2983
2983
2981
2977
2977
2975
2974
2973
2973
2972
2972
2970
2967
2966
2965
2964
2963
2962
2960
2960
2958
2956
2956
2953
2953
2952
2951
2951
2951
2949
2948
2947
2946
2946
2946
2944
2944
2944
2943
2943
2941
2941
2939
2938
2936
2935
2934
2929
2929
2928
2928
2926
2923
2922
2922
2921
2921
2917
2916
2913
2913
2911
2911
2910
2910
2910
2905
2905
2904
2903
2902
2900
2899
2897
2896
2894
2893
2891
2889
2888
2888
2886
2886
2885
2885
2884
2881
2881
2881
2880
2879
2876
2874
2872
2872
2870
2870
2869
2866
2865
2865
2864
2861
2861
2861
2859
2858
2857
2857
2855
2854
2853
2852
2852
2851
2850
2847
2846
2846
2845
2845
2844
2844
2843
2843
2841
2841
2839
2839
2839
2839
2838
2838
2838
2831
2831
2825
2822
2821
2820
2820
2820
2819
2819
2817
2812
2811
2810
2809
2809
2808
2808
2802
2801
2800
2800
2798
2798
2796
2795
2794
2793
2793
2793
2792
2791
2791
2791
2790
2788
2787
2786
2785
2785
2784
2784
2781
2779
2779
2779
2777
2776
2776
2776
2775
2774
2771
2771
2770
2767
2765
2765
2765
2764
2763
2763
2763
2762
2761
2759
2758
2758
2757
2757
2757
2756
2756
2756
2755
2755
2755
2753
2752
2752
2751
2751
2749
2749
2749
2748
2748
2748
2746
2746
2745
2745
2745
2745
2743
2742
2742
2741
2741
2740
2740
2739
2737
2733
2733
2733
2732
2730
2729
2729
2727
2726
2726
2725
2724
2722
2722
2721
2720
2716
2716
2716
2715
2714
2713
2711
2706
2706
2705
2704
2701
2700
2699
2696
2695
2695
2694
2694
2694
2693
2693
2691
2690
2687
2686
2686
2685
2685
2684
2684
2683
2682
2682
2682
2680
2680
2680
2680
2679
2679
2678
2677
2677
2676
2676
2676
2675
2674
2673
2671
2669
2669
2667
2667
2667
2667
2667
2665
2664
2664
2663
2663
2662
2662
2661
2661
2660
2660
2659
2658
2657
2657
2656
2654
2653
2652
2651
2650
2649
2648
2647
2647
2646
2645
2645
2644
2644
2643
2643
2642
2641
2641
2640
2639
2637
2634
2633
2633
2633
2633
2633
2632
2631
2631
2630
2629
2629
2629
2627
2626
2626
2626
2623
2622
2622
2622
2621
2620
2617
2616
2615
2614
2614
2614
2613
2611
2610
2609
2608
2608
2607
2607
2606
2606
2604
2604
2603
2601
2601
2601
2600
2598
2598
2598
2597
2596
2595
2594
2593
2593
2591
2591
2590
2589
2588
2587
2586
2586
2584
2583
2582
2582
2581
2580
2579
2577
2576
2574
2572
2572
2572
2571
2571
2570
2568
2567
2566
2566
2566
2566
2564
2564
2563
2563
2562
2562
2561
2560
2560
2559
2558
2556
2556
2555
2555
2554
2552
2552
2551
2551
2550
2550
2550
2549
2547
2547
2547
2545
2543
2542
2542
2542
2541
2541
2541
2540
2539
2539
2539
2538
2538
2537
2536
2536
2535
2534
2534
2532
2532
2530
2530
2529
2528
2526
2525
2523
2523
2522
2521
2521
2520
2520
2519
2518
2517
2516
2515
2515
2513
2512
2511
2508
2508
2506
2505
2505
2504
2499
2498
2497
2496
2494
2494
2494
2494
2494
2493
2491
2490
2490
2490
2487
2485
2485
2482
2482
2482
2481
2481
2480
2480
2479
2478
2478
2476
2475
2475
2474
2474
2474
2473
2473
2472
2472
2472
2471
2471
2471
2470
2469
2468
2467
2467
2467
2467
2464
2464
2463
2463
2463
2462
2461
2460
2460
2460
2459
2458
2458
2457
2457
2456
2455
2455
2454
2454
2454
2453
2451
2451
2451
2449
2448
2448
2448
2447
2447
2447
2446
2445
2444
2444
2440
2439
2437
2436
2436
2435
2434
2434
2432
2430
2427
2427
2426
2426
2426
2426
2424
2424
2423
2421
2419
2419
2419
2419
2419
2419
2419
2418
2416
2413
2412
2412
2412
2411
2410
2409
2408
2408
2407
2406
2404
2404
2401
2400
2398
2398
2398
2397
2396
2394
2392
2392
2392
2392
2389
2388
2388
2387
2386
2381
2381
2380
2380
2377
2376
2376
2374
2374
2373
2373
2373
2370
2370
2366
2365
2365
2362
2362
2361
2360
2357
2357
2357
2356
2356
2355
2354
2353
2353
2353
2351
2351
2351
2350
2350
2350
2349
2349
2348
2346
2344
2343
2343
2342
2340
2339
2338
2336
2332
2330
2330
2330
2328
2325
2325
2324
2324
2323
2322
2321
2321
2321
2316
2315
2315
2314
2313
2310
2310
2309
2309
2308
2306
2306
2305
2303
2302
2302
2300
2300
2299
2298
2297
2294
2294
2293
2291
2290
2289
2289
2289
2288
2287
2286
2285
2285
2285
2285
2283
2282
2282
2282
2282
2281
2277
2277
2275
2275
2275
2275
2274
2273
2273
2272
2268
2268
2268
2266
2265
2265
2264
2264
2264
2264
2264
2264
2264
2263
2263
2261
2260
2260
2259
2258
2258
2258
2256
2256
2255
2255
2253
2252
2252
2252
2251
2250
2249
2248
2247
2244
2243
2241
2240
2240
2240
2239
2239
2239
2237
2237
2236
2236
2235
2235
2235
2235
2235
2234
2234
2234
2234
2233
2230
2230
2229
2228
2225
2225
2224
2223
2222
2222
2221
2221
2219
2219
2215
2215
2214
2214
2213
2213
2212
2211
2209
2208
2208
2208
2205
2205
2204
2201
2201
2200
2200
2199
2199
2198
2197
2197
2195
2195
2195
2195
2194
2193
2192
2191
2191
2190
2190
2190
2189
2189
2189
2188
2187
2187
2185
2185
2185
2185
2184
2183
2183
2183
2182
2181
2179
2178
2177
2177
2176
2176
2175
2174
2174
2174
2171
2169
2169
2168
2168
2168
2167
2166
2165
2165
2165
2164
2163
2163
2163
2161
2161
2160
2160
2160
2158
2158
2157
2156
2154
2153
2153
2152
2152
2151
2151
2148
2147
2147
2145
2145
2145
2142
2142
2141
2138
2138
2135
2134
2133
2133
2132
2131
2128
2127
2126
2125
2124
2123
2122
2121
2120
2119
2118
2118
2116
2116
2115
2113
2113
2113
2113
2112
2110
2109
2109
2107
2107
2107
2106
2106
2105
2104
2104
2104
2102
2101
2100
2099
2099
2098
2098
2097
2097
2097
2096
2096
2093
2092
2091
2091
2090
2090
2089
2088
2087
2087
2086
2086
2086
2084
2077
2076
2074
2074
2073
2072
2071
2071
2070
2069
2069
2068
2067
2066
2066
2064
2063
2060
2059
2059
2058
2057
2057
2057
2056
2056
2055
2054
2054
2054
2053
2051
2050
2050
2049
2048
2047
2047
2047
2046
2045
2045
2045
2045
2044
2044
2042
2042
2041
2041
2039
2039
2039
2038
2038
2037
2037
2037
2036
2036
2032
2032
2032
2031
2031
2030
2030
2030
2028
2027
2026
2026
2026
2026
2025
2025
2024
2024
2024
2024
2024
2023
2022
2022
2022
2020
2020
2019
2018
2018
2018
2018
2018
2017
2017
2016
2016
2014
2014
2012
2012
2011
2011
2011
2009
2009
2008
2007
2007
2007
2006
2006
2005
2003
2003
2002
2002
2002
2002
2001
2001
2000
1999
1998
1998
1997
1997
1996
1992
1991
1991
1990
1990
1989
1989
1988
1987
1987
1986
1985
1984
1983
1983
1983
1982
1981
1981
1980
1980
1979
1978
1978
1978
1978
1977
1977
1976
1975
1974
1974
1974
1972
1971
1970
1969
1969
1969
1968
1967
1966
1964
1964
1963
1963
1963
1963
1962
1962
1959
1958
1958
1958
1957
1955
1954
1953
1952
1950
1950
1949
1947
1946
1946
1945
1945
1945
1943
1943
1943
1943
1941
1941
1940
1940
1938
1936
1935
1934
1933
1933
1933
1930
1930
1929
1929
1929
1928
1927
1926
1926
1925
1925
1925
1924
1924
1922
1922
1921
1920
1919
1917
1916
1915
1915
1915
1915
1914
1913
1911
1910
1910
1909
1909
1909
1908
1907
1906
1905
1905
1905
1904
1903
1902
1902
1902
1901
1901
1900
1900
1900
1899
1898
1898
1896
1896
1895
1895
1894
1894
1891
1889
1889
1888
1888
1887
1887
1886
1886
1882
1882
1882
1882
1881
1880
1879
1879
1876
1874
1873
1873
1871
1869
1868
1867
1866
1866
1864
1864
1863
1862
1862
1861
1860
1859
1857
1857
1856
1856
1856
1855
1852
1852
1852
1852
1851
1850
1845
1844
1842
1842
1838
1836
1835
1834
1833
1831
1830
1830
1829
1829
1828
1827
1827
1827
1827
1826
1824
1821
1821
1820
1819
1818
1817
1816
1816
1815
1815
1815
1814
1814
1813
1812
1809
1808
1808
1805
1805
1805
1805
1804
1803
1803
1800
1799
1799
1799
1797
1797
1796
1796
1796
1795
1795
1794
1794
1793
1793
1792
1792
1791
1791
1790
1790
1790
1789
1788
1787
1786
1786
1786
1784
1784
1783
1783
1782
1781
1780
1780
1779
1778
1777
1777
1774
1773
1772
1772
1772
1772
1770
1770
1770
1768
1768
1767
1766
1765
1764
1763
1763
1761
1760
1759
1759
1759
1758
1757
1757
1757
1755
1754
1753
1753
1752
1751
1751
1748
1748
1748
1747
1747
1747
1746
1746
1744
1743
1742
1742
1741
1739
1739
1738
1738
1737
1737
1737
1736
1736
1735
1735
1735
1735
1734
1734
1733
1733
1732
1732
1731
1730
1728
1728
1727
1727
1726
1723
1722
1720
1720
1720
1719
1718
1718
1717
1716
1714
1714
1712
1711
1711
1708
1706
1706
1706
1705
1704
1698
1698
1698
1697
1696
1696
1694
1694
1694
1692
1691
1689
1688
1686
1685
1685
1685
1685
1684
1684
1684
1683
1682
1682
1681
1681
1679
1678
1678
1677
1676
1676
1675
1674
1674
1673
1671
1670
1670
1669
1669
1669
1669
1667
1666
1666
1665
1665
1664
1662
1661
1660
1659
1658
1657
1657
1657
1657
1657
1657
1656
1655
1655
1654
1651
1650
1649
1649
1643
1642
1642
1642
1642
1640
1640
1640
1639
1639
1638
1638
1637
1637
1637
1637
1636
1636
1635
1635
1634
1634
1633
1631
1631
1630
1629
1628
1628
1627
1627
1626
1625
1624
1624
1623
1623
1622
1622
1622
1622
1622
1620
1620
1620
1619
1618
1618
1618
1617
1615
1613
1613
1612
1610
1609
1608
1608
1607
1607
1606
1606
1606
1606
1604
1604
1604
1603
1603
1602
1601
1601
1601
1600
1600
1599
1599
1596
1595
1595
1595
1595
1594
1592
1592
1591
1591
1589
1588
1586
1586
1586
1586
1586
1584
1582
1582
1582
1581
1581
1580
1580
1579
1579
1578
1578
1577
1576
1576
1576
1576
1574
1574
1573
1573
1571
1570
1568
1567
1567
1567
1566
1566
1564
1563
1563
1563
1562
1561
1561
1559
1558
1557
1557
1556
1554
1553
1553
1552
1551
1551
1549
1549
1548
1547
1547
1545
1544
1544
1543
1543
1539
1538
1536
1536
1535
1534
1534
1533
1533
1533
1531
1531
1530
1529
1529
1528
1526
1526
1526
1526
1524
1524
1522
1521
1519
1518
1517
1517
1516
1515
1515
1514
1514
1514
1513
1512
1512
1510
1508
1506
1506
1506
1506
1505
1504
1504
1503
1502
1502
1500
1499
1497
1497
1497
1496
1494
1493
1493
1493
1493
1493
1490
1489
1489
1489
1488
1487
1487
1486
1486
1485
1485
1483
1482
1480
1479
1479
1479
1479
1478
1478
1478
1477
1477
1476
1476
1475
1475
1474
1474
1472
1471
1471
1470
1470
1468
1467
1466
1462
1462
1459
1459
1459
1457
1457
1457
1457
1455
1453
1452
1452
1452
1451
1451
1450
1449
1448
1448
1446
1445
1445
1444
1444
1443
1443
1442
1441
1440
1440
1440
1439
1438
1437
1437
1436
1436
1435
1434
1434
1434
1433
1433
1433
1432
1431
1430
1430
1430
1429
1429
1429
1429
1426
1426
1425
1423
1423
1422
1421
1420
1420
1419
1417
1417
1416
1416
1416
1416
1414
1414
1414
1413
1413
1411
1410
1410
1410
1409
1409
1408
1408
1407
1406
1405
1405
1403
1403
1403
1402
1402
1402
1402
1401
1401
1400
1399
1398
1398
1397
1397
1396
1396
1396
1396
1395
1395
1393
1392
1392
1391
1390
1389
1389
1388
1387
1387
1386
1386
1385
1382
1382
1382
1381
1381
1378
1377
1376
1376
1376
1376
1373
1373
1372
1372
1371
1371
1369
1369
1367
1367
1366
1366
1366
1365
1365
1363
1363
1362
1362
1361
1360
1360
1359
1357
1357
1357
1356
1356
1356
1356
1356
1355
1355
1351
1351
1351
1351
1350
1350
1348
1347
1346
1345
1344
1343
1342
1342
1341
1340
1339
1339
1339
1338
1337
1337
1335
1333
1332
1331
1329
1329
1328
1328
1327
1326
1326
1326
1326
1325
1324
1324
1322
1322
1321
1318
1316
1314
1314
1310
1310
1310
1309
1308
1308
1307
1306
1306
1305
1305
1305
1303
1303
1302
1302
1300
1298
1296
1294
1293
1293
1292
1291
1290
1290
1290
1288
1288
1288
1288
1287
1287
1286
1286
1286
1286
1284
1283
1283
1283
1282
1282
1282
1282
1282
1281
1281
1280
1277
1277
1276
1276
1274
1273
1272
1271
1271
1271
1269
1265
1265
1264
1263
1262
1262
1261
1260
1260
1259
1257
1257
1256
1254
1253
1251
1251
1250
1249
1248
1246
1242
1241
1240
1240
1239
1239
1236
1234
1234
1233
1233
1232
1231
1231
1230
1229
1229
1228
1228
1227
1227
1225
1223
1222
1221
1221
1219
1217
1217
1214
1210
1209
1209
1207
1207
1206
1206
1205
1205
1203
1203
1201
1201
1201
1200
1197
1196
1196
1195
1194
1194
1191
1191
1190
1190
1189
1189
1188
1188
1188
1187
1187
1187
1185
1185
1185
1183
1182
1181
1181
1181
1180
1178
1176
1175
1172
1171
1169
1168
1168
1168
1168
1168
1168
1167
1167
1166
1166
1165
1165
1163
1162
1161
1160
1160
1159
1158
1158
1157
1157
1156
1154
1154
1153
1152
1151
1151
1151
1147
1147
1145
1143
1141
1141
1139
1139
1138
1137
1135
1133
1133
1132
1132
1132
1132
1131
1130
1130
1130
1128
1127
1126
1125
1124
1124
1122
1121
1119
1119
1119
1118
1118
1118
1117
1117
1116
1116
1114
1113
1113
1111
1111
1110
1109
1107
1106
1105
1105
1103
1102
1102
1101
1101
1100
1100
1099
1097
1096
1094
1093
1093
1092
1091
1089
1089
1088
1088
1087
1085
1082
1082
1080
1079
1079
1076
1074
1074
1074
1073
1073
1072
1071
1071
1069
1068
1068
1066
1065
1064
1062
1061
1061
1059
1058
1057
1056
1054
1054
1053
1052
1050
1050
1050
1048
1048
1047
1043
1043
1042
1042
1042
1040
1039
1039
1038
1037
1033
1033
1031
1031
1030
1028
1026
1025
1024
1024
1023
1023
1021
1021
1021
1020
1020
1019
1019
1019
1018
1018
1018
1018
1016
1016
1016
1015
1015
1012
1011
1011
1010
1010
1010
1008
1007
1006
1006
1005
1004
1004
1004
1004
1003
1002
1002
1001
1000
998
997
996
996
995
994
994
994
993
993
993
992
991
989
989
989
988
986
985
984
984
984
983
981
979
979
978
978
978
977
977
976
974
974
974
973
972
971
971
970
970
969
969
968
967
966
966
964
964
964
963
962
961
960
959
958
956
955
954
954
952
951
950
948
947
943
943
942
940
938
938
938
937
936
933
931
931
930
928
927
925
925
924
923
921
921
919
918
918
917
915
914
913
913
911
910
909
909
908
907
907
906
906
906
905
904
903
903
901
900
900
900
900
897
896
896
896
895
895
895
895
895
894
893
893
893
893
892
891
890
889
888
888
888
888
888
887
885
884
884
883
879
879
878
877
877
871
870
870
867
866
866
865
865
863
862
862
860
859
859
859
858
858
857
857
857
857
856
856
856
853
853
853
853
851
850
847
847
845
845
844
844
844
842
842
841
840
839
838
837
836
835
832
832
831
831
829
829
828
828
828
827
827
826
826
826
823
823
823
823
822
821
820
819
819
817
817
816
814
813
813
813
812
812
812
811
811
810
809
808
808
807
807
806
805
805
805
804
804
803
802
800
800
797
797
795
793
793
793
793
792
792
792
792
791
791
786
783
783
782
782
781
779
778
778
778
776
776
775
775
775
771
770
770
769
768
766
766
765
765
765
764
764
763
762
761
760
760
758
758
757
757
756
756
753
753
752
752
752
752
751
750
747
747
747
747
746
746
743
743
741
739
739
739
739
737
735
734
733
732
731
731
730
730
730
729
728
727
726
725
725
723
722
721
720
719
719
718
716
716
716
714
714
713
712
712
711
711
710
710
709
705
705
705
704
702
701
700
700
699
699
699
699
699
698
697
696
695
693
693
692
692
692
690
689
687
685
685
684
683
683
682
681
679
679
678
678
677
677
675
675
674
672
671
669
669
669
667
667
665
665
663
663
662
659
659
658
657
657
657
656
655
652
652
651
650
650
649
647
646
645
645
644
644
643
642
641
641
641
641
641
639
639
639
638
636
635
634
633
632
631
630
629
628
626
625
625
625
624
624
623
622
621
620
620
619
618
618
617
616
616
616
615
615
614
614
613
612
612
611
610
610
610
609
607
607
606
605
603
602
601
599
599
598
598
598
597
596
594
593
592
592
590
588
588
587
587
586
586
585
584
582
579
578
577
576
576
575
575
571
570
568
567
567
567
567
566
565
564
564
563
562
562
561
560
558
558
557
557
557
555
554
554
553
552
551
551
550
548
547
547
546
546
546
544
544
543
543
543
542
542
541
539
539
538
536
536
536
536
533
533
533
533
532
532
530
529
528
527
527
527
526
526
525
525
525
522
521
520
520
519
519
519
518
518
517
516
515
515
514
514
514
513
513
512
510
509
509
508
505
505
505
504
503
500
498
497
497
496
495
495
494
493
492
492
492
492
489
489
487
487
487
487
486
484
482
482
482
481
481
479
479
479
478
478
476
476
475
472
471
470
464
462
462
461
459
459
459
458
457
457
457
454
453
453
452
451
450
447
446
445
445
445
443
443
443
443
442
441
441
440
438
438
436
435
434
434
433
432
430
429
429
428
427
426
426
425
423
422
422
421
420
419
419
419
418
418
417
416
415
414
413
413
413
411
410
409
408
406
406
405
404
403
401
401
401
400
399
399
398
397
396
395
395
394
392
392
391
391
389
388
388
386
386
386
385
385
384
384
384
383
383
379
379
379
378
378
378
378
376
376
376
375
375
374
374
374
374
369
368
368
368
367
367
364
363
363
362
361
357
357
356
356
355
354
353
353
352
351
351
350
349
349
348
344
341
339
339
339
339
338
337
337
335
333
330
330
330
329
329
329
328
328
326
326
326
325
324
323
321
320
319
318
318
317
317
317
315
314
313
312
310
309
308
307
307
306
304
304
304
303
303
302
301
300
299
298
297
297
297
296
293
292
292
291
289
289
288
288
287
284
284
283
283
282
281
281
280
280
280
279
275
273
271
271
269
269
268
264
264
263
260
260
259
258
258
257
256
256
253
252
251
249
248
247
247
246
246
246
245
245
245
244
244
243
242
241
239
239
238
237
237
236
236
235
234
231
231
230
229
229
229
228
227
225
225
224
221
220
220
219
219
217
217
217
217
214
213
213
213
213
213
212
212
211
210
210
210
209
208
207
206
206
206
206
205
204
204
204
203
203
201
200
199
199
198
197
196
196
194
193
192
191
189
189
188
188
188
187
186
185
185
184
183
182
182
182
180
180
180
180
179
179
179
178
177
177
176
175
174
174
174
174
172
171
169
168
168
167
166
166
166
164
164
163
162
162
162
161
161
160
159
159
157
156
155
155
153
153
153
149
149
149
148
147
147
147
145
144
144
144
143
143
142
140
139
137
136
136
135
134
134
133
132
131
131
131
131
130
130
130
128
126
126
126
125
125
125
124
124
122
121
118
118
118
117
116
115
110
109
109
109
108
106
105
104
103
101
101
100
99
99
98
98
97
97
96
94
94
93
93
91
91
90
89
85
85
84
82
82
79
79
77
77
77
75
75
75
74
73
72
72
71
70
69
68
67
66
65
64
64
63
62
62
59
59
58
57
57
55
54
53
53
52
50
50
50
49
49
47
47
46
46
44
43
42
41
41
41
40
40
39
38
38
37
37
36
32
32
32
30
28
27
25
25
24
23
23
23
22
21
20
19
18
18
16
16
16
15
14
13
13
12
10
10
10
9
9
8
8
7
7
7
7
7
6
6
5
5
4
4
3
2
2
1
0
